name: Home
latitude: 40.3356309
longitude: -3.7389786
radius: 150
icon: mdi:home
