name: Home
latitude: 40.335623
longitude: -3.738812
radius: 25
icon: mdi:home
